Inventory: Ball 0 
Inventory: Rocket 0 
Inventory: Brick 2 
Inventory: Tank 0 
Inventory: Convey 0 
Inventory: Laser 0 
Box2: 50 60 0 100 1 0 
Box2: -35.2471 -40.4028 0.48 32 0.5 0 
Box2: 26.4416 -3.46574 0.48 32 0.5 0 
Box2: 23.0145 -55.0634 -0.92 32 0.5 0 
Box2: -22.1097 7.0061 -0.92 32 0.5 0 
Ball: -60.1032 -57.2451 53.3777 4 4 0 58.7046 14.5346 8 8 3058.31 
Ball: 38.9033 -81.2352 -61.2842 4 4 0 -45.633 30.528 8 8 -3511.33 
BouncingBox: 125.349 44.5753 53.9277 16 0.5 0 
Ball: 126.367 -148.168 0 4 4 0 259.336 -14.6031 16 23 0 
Box2: 259.336 -27.0969 0 8 0.5 0 
Box2: 259.931 -2.40677 0 8 0.5 0 
Box2: 268.26 -14.3056 -1.56 16 0.5 0 
